6281947277903
6281947277903
6281947277903
6281947277903
6281947277903
6281947277903
6281947277903
6281947277903
62895422836123
62895422836123
62895422836123
62895422836123
62895422836123
62895422836123
62895422836123
62895422836123
62895422836123
62895422836123
62895422836123
62895422836123
62895422836123
62895422836123
62895422836123
62895422836123
62895422836123
62895422836123
62895422836123
62895422836123
62895422836123
62895422836123
62895422836123
62895422836123
6281333336943
6281333336943
6281333336943
6281333336943
6281333336943
6281333336943
6281333336943
6281333336943
6281333336943
62895422836123
62895422836123
62895422836123
62895422836123
62895422836123
62895422836123
62895422836123
62895422836123
62895422836123
62895422836123
62895422836123
62895422836123
62895422836123
62895422836123
62895422836123
62895422836123
62895422836123
62895422836123
62895422836123
62895422836123
62895422836123
62895422836123
62895422836123
62895422836123
62895422836123
62895422836123
62895422836123
62895422836123
62895422836123
62895422836123
62895422836123
62895422836123
62895422836123
62895422836123
62895422836123
62895422836123
62895422836123
